[gd_scene format=3 uid="uid://bqqgyqafm7xwp"]

[ext_resource type="Environment" uid="uid://bqnqgflivjvue" path="res://scenes/main-environment.tres" id="1_ahusb"]
[ext_resource type="Script" uid="uid://djpme521r3cxe" path="res://scripts/main.gd" id="1_jkv2x"]
[ext_resource type="PackedScene" uid="uid://dl2ed4gkybggf" path="res://objects/player.tscn" id="2_onms2"]
[ext_resource type="Script" uid="uid://baxw1j1u3ubcv" path="res://scenes/area_3d.gd" id="3_gqmmt"]
[ext_resource type="Script" uid="uid://x3bka8yqvmi6" path="res://scenes/testnpc.gd" id="3_muem4"]
[ext_resource type="Script" uid="uid://bcg2kkbsnttec" path="res://scripts/view.gd" id="5_bg0fr"]
[ext_resource type="PackedScene" uid="uid://cnymdajj1vsqm" path="res://objects/platform.tscn" id="6_sdmev"]
[ext_resource type="PackedScene" uid="uid://rjh4ifidqrfp" path="res://objects/platform_medium.tscn" id="7_ixpj3"]
[ext_resource type="PackedScene" uid="uid://uqr4hswv6d2g" path="res://objects/platform_grass_large_round.tscn" id="8_4oh1e"]
[ext_resource type="PackedScene" uid="uid://c8up71en5djgm" path="res://objects/platform_falling.tscn" id="9_2fnpo"]
[ext_resource type="PackedScene" uid="uid://dtjvjdjl8cs6e" path="res://models/flag.glb" id="9_fw1f5"]
[ext_resource type="PackedScene" uid="uid://dfpisimsgf5ce" path="res://objects/coin.tscn" id="10_fwhys"]
[ext_resource type="Script" uid="uid://bap462su1xjtx" path="res://scripts/hud.gd" id="11_apvpm"]
[ext_resource type="PackedScene" uid="uid://85ldumyetgou" path="res://objects/brick.tscn" id="12_jkv2x"]
[ext_resource type="PackedScene" uid="uid://dy017k58p20sk" path="res://objects/cloud.tscn" id="13_drtpy"]
[ext_resource type="PackedScene" uid="uid://bh3dms788fwd0" path="res://models/bat_model.glb" id="13_jbj1t"]
[ext_resource type="Texture2D" uid="uid://cd7oyc56ehkx1" path="res://sprites/coin.png" id="13_jfda3"]
[ext_resource type="AudioStream" uid="uid://b15yaq8i3ifbw" path="res://sounds/music/ShortSampleSong.wav" id="17_muem4"]
[ext_resource type="FontFile" uid="uid://d0cxd77jybrcn" path="res://fonts/lilita_one_regular.ttf" id="17_tk810"]
[ext_resource type="Texture2D" uid="uid://dkdj4dqjyantk" path="res://sprites/charactersprite.png" id="19_0ld40"]
[ext_resource type="Script" uid="uid://bqvbt1mngahda" path="res://scenes/area_uno.gd" id="21_yc10j"]
[ext_resource type="PackedScene" uid="uid://dxuifx384owpm" path="res://models/Tree.glb" id="22_jscy8"]

[sub_resource type="BoxShape3D" id="BoxShape3D_yc10j"]

[sub_resource type="CylinderShape3D" id="CylinderShape3D_jbj1t"]

[sub_resource type="CapsuleShape3D" id="CapsuleShape3D_jbj1t"]

[sub_resource type="LabelSettings" id="LabelSettings_38ys3"]
font = ExtResource("17_tk810")
font_size = 48
shadow_color = Color(0, 0, 0, 0.376471)
shadow_offset = Vector2(2, 2)

[sub_resource type="CylinderShape3D" id="CylinderShape3D_yc10j"]

[node name="Main" type="Node3D" unique_id=1074273423]
script = ExtResource("1_jkv2x")

[node name="Environment" type="WorldEnvironment" parent="." unique_id=1290585016]
environment = ExtResource("1_ahusb")

[node name="area 2" type="Area3D" parent="." unique_id=986738082]
transform = Transform3D(0.84714043, 0.531369, 0, -0.531369, 0.84714043, 0, 0, 0, 2.7884269, -18.849916, 2.0311313, 3.2333212)
disable_mode = 2
script = ExtResource("3_gqmmt")

[node name="CollisionShape3D" type="CollisionShape3D" parent="area 2" unique_id=448453730]
transform = Transform3D(2.4141397, -0.34353244, 0, 0.6314015, 1.3134828, 0, 0, 0, 1.6759602, 0, 0, 0)
shape = SubResource("BoxShape3D_yc10j")

[node name="testnpc" type="CharacterBody3D" parent="." unique_id=281277386]
transform = Transform3D(0.18007281, 0, 0.9836533, 0, 1, 0, -0.9836533, 0, 0.18007281, -5.589764, 0.8703736, 3.046141)
script = ExtResource("3_muem4")

[node name="bat_model" parent="testnpc" unique_id=422253446 instance=ExtResource("13_jbj1t")]

[node name="chat_detect" type="Area3D" parent="testnpc" unique_id=1968720202]
disable_mode = 2

[node name="CollisionShape3D" type="CollisionShape3D" parent="testnpc/chat_detect" unique_id=32118031]
shape = SubResource("CylinderShape3D_jbj1t")

[node name="CollisionShape3D" type="CollisionShape3D" parent="testnpc" unique_id=1912750829]
transform = Transform3D(0.7, 0, 0, 0, 0.7, 0, 0, 0, 0.7, 0, 0, 0)
shape = SubResource("CapsuleShape3D_jbj1t")

[node name="Player" parent="." unique_id=367670629 node_paths=PackedStringArray("view") groups=["player"] instance=ExtResource("2_onms2")]
transform = Transform3D(1, 0, 0, 0, 1, 0, 0, 0, 1, 3, 0.49277484, 0)
disable_mode = 2
view = NodePath("../View")

[node name="View" type="Node3D" parent="." unique_id=1306011423 node_paths=PackedStringArray("target")]
transform = Transform3D(0.707107, -0.298836, 0.640856, 0, 0.906308, 0.422618, -0.707107, -0.298836, 0.640856, 0, 0, 0)
script = ExtResource("5_bg0fr")
target = NodePath("../Player")

[node name="Camera" type="Camera3D" parent="View" unique_id=89819162]
transform = Transform3D(1, 0, 0, 0, 1, 0, 0, 0, 1, 0, 0, 10)
current = true
fov = 40.0

[node name="World" type="Node3D" parent="." unique_id=1366276356]

[node name="platform" parent="World" unique_id=1774934581 instance=ExtResource("6_sdmev")]
transform = Transform3D(0.993085, 0, -0.117399, 0, 1, 0, 0.117399, 0, 0.993085, 0, 0, 0)

[node name="platform7" parent="World" unique_id=245483049 instance=ExtResource("6_sdmev")]
transform = Transform3D(0.96149254, 0, 0.27483174, 0, 1, 0, -0.27483174, 0, 0.96149254, 3, 0, 0)

[node name="platform4" parent="World" unique_id=1973645927 instance=ExtResource("6_sdmev")]
transform = Transform3D(0.993085, 0, -0.117399, 0, 1, 0, 0.117399, 0, 0.993085, -15, 0, 4)

[node name="platform5" parent="World" unique_id=1394213745 instance=ExtResource("6_sdmev")]
transform = Transform3D(0.993085, 0, -0.117399, 0, 1, 0, 0.117399, 0, 0.993085, -21.925076, 0.3466103, -2.6836262)

[node name="platform6" parent="World" unique_id=1746909433 instance=ExtResource("6_sdmev")]
transform = Transform3D(0.9779442, 0, 0.20886743, 0, 1, 0, -0.20886743, 0, 0.9779442, -22.07586, 1.5132568, -4.765484)

[node name="platform2" parent="World" unique_id=1816653808 instance=ExtResource("6_sdmev")]
transform = Transform3D(1, 0, 0, 0, 1, 0, 0, 0, 1, -3, 2, -3)

[node name="platform3" parent="World" unique_id=1932658550 instance=ExtResource("6_sdmev")]
transform = Transform3D(0.966237, 0, -0.257656, 0, 1, 0, 0.257656, 0, 0.966237, -3, 3, -5)

[node name="platform-medium" parent="World" unique_id=1865267058 instance=ExtResource("7_ixpj3")]
transform = Transform3D(0.996134, 0, 0.0878512, 0, 1, 0, -0.0878512, 0, 0.996134, -3, 0, 0)

[node name="platform-medium2" parent="World" unique_id=1845935928 instance=ExtResource("7_ixpj3")]
transform = Transform3D(0.995121, 0, 0.0986598, 0, 1, 0, -0.0986598, 0, 0.995121, -5, 0, 4)

[node name="platform-medium4" parent="World" unique_id=561423210 instance=ExtResource("7_ixpj3")]
transform = Transform3D(0.929796, 0, -0.368076, 0, 1, 0, 0.368076, 0, 0.929796, -14.9422, 0.991941, 0.128304)

[node name="platform-medium3" parent="World" unique_id=1778114818 instance=ExtResource("7_ixpj3")]
transform = Transform3D(1, 0, 0, 0, 1, 0, 0, 0, 1, 0, 3, -6)

[node name="platform-falling" parent="World" unique_id=574097161 instance=ExtResource("9_2fnpo")]
transform = Transform3D(0.984808, 0, 0.173648, 0, 1, 0, -0.173648, 0, 0.984808, -9, 0.419294, 4)

[node name="platform-falling2" parent="World" unique_id=724642545 instance=ExtResource("9_2fnpo")]
transform = Transform3D(0.994522, 0, -0.104528, 0, 1, 0, 0.104528, 0, 0.994522, -12, -0.315063, 4)

[node name="platform-falling3" parent="World" unique_id=524366457 instance=ExtResource("9_2fnpo")]
transform = Transform3D(0.939693, 0, 0.34202, 0, 1, 0, -0.34202, 0, 0.939693, -11.7527, 1.8303, -2.30579)

[node name="platform-grass-large-round" parent="World" unique_id=558645896 instance=ExtResource("8_4oh1e")]
transform = Transform3D(1, 0, 0, 0, 1, 0, 0, 0, 1, -7, 1, -2)

[node name="platform-grass-large-round2" parent="World" unique_id=212190615 instance=ExtResource("8_4oh1e")]
transform = Transform3D(1, 0, 0, 0, 1, 0, 0, 0, 1, -19.31048, 1, 2.8319645)

[node name="flag" parent="World" unique_id=858455990 instance=ExtResource("9_fw1f5")]
transform = Transform3D(0.707107, 0, -0.707107, 0, 1, 0, 0.707107, 0, 0.707107, 0, 3.48077, -6)

[node name="coin" parent="World" unique_id=1379858714 instance=ExtResource("10_fwhys")]
transform = Transform3D(1, 0, 0, 0, 1, 0, 0, 0, 1, -3, 0.635, 0)

[node name="coin10" parent="World" unique_id=659527915 instance=ExtResource("10_fwhys")]
transform = Transform3D(1, 0, 0, 0, 1, 0, 0, 0, 1, 0.124548435, 0.635, -0.16139936)

[node name="coin2" parent="World" unique_id=612364789 instance=ExtResource("10_fwhys")]
transform = Transform3D(1, 0, 0, 0, 1, 0, 0, 0, 1, -2.899189, 3.4731693, -5.2724276)

[node name="coin3" parent="World" unique_id=1061308418 instance=ExtResource("10_fwhys")]
transform = Transform3D(1, 0, 0, 0, 1, 0, 0, 0, 1, -6.9828115, 1.97005, -2.2873065)

[node name="coin5" parent="World" unique_id=1206547404 instance=ExtResource("10_fwhys")]
transform = Transform3D(1, 0, 0, 0, 1, 0, 0, 0, 1, -11.7731, 2.54941, -2.28223)

[node name="coin6" parent="World" unique_id=956722844 instance=ExtResource("10_fwhys")]
transform = Transform3D(1, 0, 0, 0, 1, 0, 0, 0, 1, -14.8111, 1.6888, 0.328574)

[node name="coin7" parent="World" unique_id=1225700985 instance=ExtResource("10_fwhys")]
transform = Transform3D(1, 0, 0, 0, 1, 0, 0, 0, 1, -14.8111, 2.6888, 0.328574)

[node name="coin8" parent="World" unique_id=761960641 instance=ExtResource("10_fwhys")]
transform = Transform3D(1, 0, 0, 0, 1, 0, 0, 0, 1, -14.9647, 0.801836, 3.99354)

[node name="coin9" parent="World" unique_id=2067517647 instance=ExtResource("10_fwhys")]
transform = Transform3D(1, 0, 0, 0, 1, 0, 0, 0, 1, 0, 5, -6)

[node name="coin4" parent="World" unique_id=1084881902 instance=ExtResource("10_fwhys")]
transform = Transform3D(1, 0, 0, 0, 1, 0, 0, 0, 1, -3.233737, 2.5165992, -3.1443467)

[node name="coin11" parent="World" unique_id=1001165616 instance=ExtResource("10_fwhys")]
transform = Transform3D(1, 0, 0, 0, 1, 0, 0, 0, 1, -6.7093306, 5.3392777, -2.0042212)

[node name="coin12" parent="World" unique_id=1746896254 instance=ExtResource("10_fwhys")]
transform = Transform3D(1, 0, 0, 0, 1, 0, 0, 0, 1, -18.979, 1.7754431, 2.8622048)

[node name="coin13" parent="World" unique_id=780562583 instance=ExtResource("10_fwhys")]
transform = Transform3D(1, 0, 0, 0, 1, 0, 0, 0, 1, -22.11739, 2.56071, -4.7569985)

[node name="coin14" parent="World" unique_id=719832111 instance=ExtResource("10_fwhys")]
transform = Transform3D(1, 0, 0, 0, 1, 0, 0, 0, 1, -22.11739, 3.320589, -4.7569985)

[node name="cube8" parent="World" unique_id=211086389 instance=ExtResource("13_drtpy")]
transform = Transform3D(1, 0, 0, 0, 1, 0, 0, 0, 1, 1.5495, 1.10741, -2.666)

[node name="cube9" parent="World" unique_id=124190072 instance=ExtResource("13_drtpy")]
transform = Transform3D(1.27593, -0.401864, 0.422933, 0.471408, 1.30937, -0.178025, -0.343721, 0.304009, 1.32582, 3.33538, 1.37146, -4.1932)

[node name="cube10" parent="World" unique_id=2129974709 instance=ExtResource("13_drtpy")]
transform = Transform3D(1.32811, 0.370441, 0.259369, -0.293866, 1.3186, -0.37854, -0.34372, 0.30401, 1.32582, -10.5752, 2.03819, -7.93707)

[node name="cube11" parent="World" unique_id=2022232709 instance=ExtResource("13_drtpy")]
transform = Transform3D(0.476646, 0.924607, 0.941422, -0.929853, 0.945559, -0.457882, -0.93624, -0.468385, 0.934042, -9.467535, 2.0381904, 11.509415)

[node name="cube12" parent="World" unique_id=62275770 instance=ExtResource("13_drtpy")]
transform = Transform3D(-1.02876, -0.695523, 0.652886, -0.929853, 0.945557, -0.457881, -0.213027, -0.768461, -1.15432, -9.201835, 2.7950804, 13.743215)

[node name="cube13" parent="World" unique_id=1047034835 instance=ExtResource("13_drtpy")]
transform = Transform3D(1.56209, -1.37982, 1.71508, 1.97375, 1.80907, -0.342241, -0.974547, 1.4522, 2.05595, -14.3045, 2.03819, -8.24191)

[node name="cube14" parent="World" unique_id=743773738 instance=ExtResource("13_drtpy")]
transform = Transform3D(1.56209, -1.37982, 1.71508, 1.97375, 1.80907, -0.342241, -0.974547, 1.4522, 2.05595, -14.152035, 2.0381904, 10.065234)

[node name="brick" parent="World" unique_id=592136040 instance=ExtResource("12_jkv2x")]
transform = Transform3D(1, 0, 0, 0, 1, 0, 0, 0, 1, -3.119135, 1.9857206, -0.08861771)

[node name="brick2" parent="World" unique_id=1212483741 instance=ExtResource("12_jkv2x")]
transform = Transform3D(0.8552648, 0, -0.5181912, 0, 1, 0, 0.5181912, 0, 0.8552648, -6.7635055, 3.2150104, -2.0195704)

[node name="brick3" parent="World" unique_id=1698783538 instance=ExtResource("12_jkv2x")]
transform = Transform3D(0.93908226, 0, 0.34369248, 0, 1, 0, -0.34369248, 0, 0.93908226, -19.034018, 3.215011, 2.869449)

[node name="Sun" type="DirectionalLight3D" parent="." unique_id=504074398]
transform = Transform3D(-0.422618, -0.694272, 0.582563, 0, 0.642788, 0.766044, -0.906308, 0.323744, -0.271654, 0, 0, 0)
shadow_enabled = true
shadow_opacity = 0.75

[node name="HUD" type="Control" parent="." unique_id=1637449263]
layout_mode = 3
anchors_preset = 13
anchor_left = 0.5
anchor_right = 0.5
anchor_bottom = 1.0
offset_left = -640.0
offset_right = 640.0
grow_horizontal = 2
grow_vertical = 2
size_flags_horizontal = 8
size_flags_vertical = 8
script = ExtResource("11_apvpm")

[node name="Icon" type="TextureRect" parent="HUD" unique_id=1316351998]
layout_mode = 0
offset_left = 57.0
offset_top = 67.0
offset_right = 313.0
offset_bottom = 323.0
scale = Vector2(0.2, 0.2)
texture = ExtResource("13_jfda3")

[node name="x" type="Label" parent="HUD" unique_id=920806969]
layout_mode = 0
offset_left = 112.0
offset_top = 64.0
offset_right = 144.0
offset_bottom = 123.0
text = "×"
label_settings = SubResource("LabelSettings_38ys3")
metadata/_edit_use_anchors_ = true

[node name="Coins" type="Label" parent="HUD" unique_id=1301386817]
layout_mode = 0
offset_left = 144.0
offset_top = 64.0
offset_right = 368.0
offset_bottom = 123.0
text = "0"
label_settings = SubResource("LabelSettings_38ys3")
metadata/_edit_use_anchors_ = true

[node name="AudioStreamPlayer" type="AudioStreamPlayer" parent="." unique_id=1553367677]
stream = ExtResource("17_muem4")
autoplay = true

[node name="camry" type="Sprite3D" parent="." unique_id=964946080]
transform = Transform3D(0.5, 0, 0, 0, 0.5, 0, 0, 0, 0.5, -19.471392, 2.3711946, 2.0043871)
billboard = 2
texture_filter = 0
texture = ExtResource("19_0ld40")

[node name="Area unoooo" type="Area3D" parent="." unique_id=1674895488]
transform = Transform3D(2.1161609, 1.0306559, 0, -1.3273622, 1.6431336, 0, 0, 0, 2.7884269, -4.8010178, 0.6772275, 3.8754163)
disable_mode = 2
script = ExtResource("21_yc10j")

[node name="CollisionShape3D" type="CollisionShape3D" parent="Area unoooo" unique_id=1213361605]
shape = SubResource("CylinderShape3D_yc10j")

[node name="Tree" parent="." unique_id=1538433455 instance=ExtResource("22_jscy8")]
transform = Transform3D(1, 0, 0, 0, 1, 0, 0, 0, 1, -7.079046, 2.7465682, -0.9094839)

[node name="MeshInstance3D" type="MeshInstance3D" parent="Tree" unique_id=1586110105]

[connection signal="body_entered" from="area 2" to="." method="_on_area_2_body_entered"]
[connection signal="body_entered" from="area 2" to="area 2" method="_on_body_entered"]
[connection signal="body_entered" from="testnpc/chat_detect" to="testnpc" method="_on_chat_detect_body_entered"]
[connection signal="body_exited" from="testnpc/chat_detect" to="testnpc" method="_on_chat_detect_body_exited"]
[connection signal="coin_collected" from="Player" to="HUD" method="_on_coin_collected"]
[connection signal="body_entered" from="Area unoooo" to="Area unoooo" method="_on_body_entered"]
